================================================================
GEMV AVX+FMA Tuning Results - AMD Ryzen 5 5600 (Zen 3)
================================================================

THEORETICAL OPTIMAL VALUES (75% cache utilization):
  L1 (32KB):  Working set ~24KB -> ROW_BLOCK=8,   COL_BLOCK=48-64
  L2 (512KB): Working set ~384KB -> ROW_BLOCK=64,  COL_BLOCK=192-256
  L3 (4MB):   Working set ~3MB   -> ROW_BLOCK=128, COL_BLOCK=512-1024

================================================================
                    EXPERIMENTAL RESULTS
================================================================

Matrix: 64x64 (fits in L1 cache)
----------------------------------------------------------------
ROW_BLK | COL_BLK | UNROLL | PREFETCH | GFLOPS
--------|---------|--------|----------|--------
      4 |      32 |      1 |        0 |  14.05
      4 |      32 |      1 |       32 |  13.22
      4 |      32 |      1 |       64 |  14.01
      4 |      32 |      1 |      128 |  13.99
      4 |      32 |      2 |        0 |  19.11
      4 |      32 |      2 |       32 |  19.03
      4 |      32 |      2 |       64 |  18.95
      4 |      32 |      2 |      128 |  18.98
      4 |      32 |      4 |        0 |  20.10
      4 |      32 |      4 |       32 |  18.74
      4 |      32 |      4 |       64 |  18.82
      4 |      32 |      4 |      128 |  18.87
      4 |      64 |      1 |        0 |  17.75
      4 |      64 |      1 |       32 |  17.63
      4 |      64 |      1 |       64 |  17.68
      4 |      64 |      1 |      128 |  17.69
      4 |      64 |      2 |        0 |  24.39
      4 |      64 |      2 |       32 |  24.23
      4 |      64 |      2 |       64 |  24.24
      4 |      64 |      2 |      128 |  24.26
      4 |      64 |      4 |        0 |  26.11
      4 |      64 |      4 |       32 |  22.06
      4 |      64 |      4 |       64 |  25.46
      4 |      64 |      4 |      128 |  25.43
      4 |     128 |      1 |        0 |  17.73
      4 |     128 |      1 |       32 |  17.61
      4 |     128 |      1 |       64 |  17.65
      4 |     128 |      1 |      128 |  17.65
      4 |     128 |      2 |        0 |  24.34
      4 |     128 |      2 |       32 |  24.23
      4 |     128 |      2 |       64 |  24.24
      4 |     128 |      2 |      128 |  24.23
      4 |     128 |      4 |        0 |  26.21
      4 |     128 |      4 |       32 |  26.64
      4 |     128 |      4 |       64 |  26.80
      4 |     128 |      4 |      128 |  26.69
      4 |     256 |      1 |        0 |  18.54
      4 |     256 |      1 |       32 |  18.55
      4 |     256 |      1 |       64 |  18.55
      4 |     256 |      1 |      128 |  18.56
      4 |     256 |      2 |        0 |  25.62
      4 |     256 |      2 |       32 |  25.43
      4 |     256 |      2 |       64 |  25.49
      4 |     256 |      2 |      128 |  25.50
      4 |     256 |      4 |        0 |  27.29
      4 |     256 |      4 |       32 |  26.64
      4 |     256 |      4 |       64 |  24.20
      4 |     256 |      4 |      128 |  26.73
      4 |     512 |      1 |        0 |  18.63
      4 |     512 |      1 |       32 |  18.53
      4 |     512 |      1 |       64 |  18.54
      4 |     512 |      1 |      128 |  18.56
      4 |     512 |      2 |        0 |  25.61
      4 |     512 |      2 |       32 |  25.46
      4 |     512 |      2 |       64 |  25.50
      4 |     512 |      2 |      128 |  25.46
      4 |     512 |      4 |        0 |  27.29
      4 |     512 |      4 |       32 |  26.75
      4 |     512 |      4 |       64 |  27.18
      4 |     512 |      4 |      128 |  28.03
      8 |      32 |      1 |        0 |  16.14
      8 |      32 |      1 |       32 |  16.23
      8 |      32 |      1 |       64 |  16.25
      8 |      32 |      1 |      128 |  16.19
      8 |      32 |      2 |        0 |  23.80
      8 |      32 |      2 |       32 |  23.62
      8 |      32 |      2 |       64 |  23.67
      8 |      32 |      2 |      128 |  23.88
      8 |      32 |      4 |        0 |  24.99
      8 |      32 |      4 |       32 |  23.14
      8 |      32 |      4 |       64 |  21.40
      8 |      32 |      4 |      128 |  23.40
      8 |      64 |      1 |        0 |  20.05
      8 |      64 |      1 |       32 |  19.89
      8 |      64 |      1 |       64 |  19.92
      8 |      64 |      1 |      128 |  19.92
      8 |      64 |      2 |        0 |  28.55
      8 |      64 |      2 |       32 |  28.41
      8 |      64 |      2 |       64 |  28.42
      8 |      64 |      2 |      128 |  28.49
      8 |      64 |      4 |        0 |  31.51
      8 |      64 |      4 |       32 |  30.35
      8 |      64 |      4 |       64 |  30.51
      8 |      64 |      4 |      128 |  30.74
      8 |     128 |      1 |        0 |  20.30
      8 |     128 |      1 |       32 |  20.17
      8 |     128 |      1 |       64 |  20.14
      8 |     128 |      1 |      128 |  20.16
      8 |     128 |      2 |        0 |  28.88
      8 |     128 |      2 |       32 |  28.73
      8 |     128 |      2 |       64 |  28.74
      8 |     128 |      2 |      128 |  28.70
      8 |     128 |      4 |        0 |  31.89
      8 |     128 |      4 |       32 |  30.78
      8 |     128 |      4 |       64 |  30.78
      8 |     128 |      4 |      128 |  30.77
      8 |     256 |      1 |        0 |  20.29
      8 |     256 |      1 |       32 |  18.95
      8 |     256 |      1 |       64 |  20.25
      8 |     256 |      1 |      128 |  20.27
      8 |     256 |      2 |        0 |  28.91
      8 |     256 |      2 |       32 |  28.72
      8 |     256 |      2 |       64 |  28.80
      8 |     256 |      2 |      128 |  28.80
      8 |     256 |      4 |        0 |  32.04
      8 |     256 |      4 |       32 |  30.88
      8 |     256 |      4 |       64 |  30.91
      8 |     256 |      4 |      128 |  30.85
      8 |     512 |      1 |        0 |  20.32
      8 |     512 |      1 |       32 |  20.26
      8 |     512 |      1 |       64 |  20.26
      8 |     512 |      1 |      128 |  20.28
      8 |     512 |      2 |        0 |  28.94
      8 |     512 |      2 |       32 |  28.77
      8 |     512 |      2 |       64 |  28.80
      8 |     512 |      2 |      128 |  28.80
      8 |     512 |      4 |        0 |  32.03
      8 |     512 |      4 |       32 |  30.80
      8 |     512 |      4 |       64 |  30.89
      8 |     512 |      4 |      128 |  30.80
     16 |      32 |      1 |        0 |  16.78
     16 |      32 |      1 |       32 |  15.44
     16 |      32 |      1 |       64 |  16.75
     16 |      32 |      1 |      128 |  13.40
     16 |      32 |      2 |        0 |  25.38
     16 |      32 |      2 |       32 |  25.02
     16 |      32 |      2 |       64 |  25.00
     16 |      32 |      2 |      128 |  25.10
     16 |      32 |      4 |        0 |  27.15
     16 |      32 |      4 |       32 |  25.41
     16 |      32 |      4 |       64 |  25.87
     16 |      32 |      4 |      128 |  25.85
     16 |      64 |      1 |        0 |  20.66
     16 |      64 |      1 |       32 |  20.56
     16 |      64 |      1 |       64 |  20.56
     16 |      64 |      1 |      128 |  20.58
     16 |      64 |      2 |        0 |  29.67
     16 |      64 |      2 |       32 |  29.60
     16 |      64 |      2 |       64 |  29.60
     16 |      64 |      2 |      128 |  29.65
     16 |      64 |      4 |        0 |  33.84
     16 |      64 |      4 |       32 |  32.28
     16 |      64 |      4 |       64 |  32.20
     16 |      64 |      4 |      128 |  32.25
     16 |     128 |      1 |        0 |  20.66
     16 |     128 |      1 |       32 |  20.52
     16 |     128 |      1 |       64 |  20.55
     16 |     128 |      1 |      128 |  20.53
     16 |     128 |      2 |        0 |  29.78
     16 |     128 |      2 |       32 |  29.60
     16 |     128 |      2 |       64 |  24.14
     16 |     128 |      2 |      128 |  25.74
     16 |     128 |      4 |        0 |  33.55
     16 |     128 |      4 |       32 |  32.09
     16 |     128 |      4 |       64 |  32.24
     16 |     128 |      4 |      128 |  32.22
     16 |     256 |      1 |        0 |  20.73
     16 |     256 |      1 |       32 |  20.63
     16 |     256 |      1 |       64 |  20.59
     16 |     256 |      1 |      128 |  20.62
     16 |     256 |      2 |        0 |  29.71
     16 |     256 |      2 |       32 |  29.69
     16 |     256 |      2 |       64 |  29.61
     16 |     256 |      2 |      128 |  29.65
     16 |     256 |      4 |        0 |  33.59
     16 |     256 |      4 |       32 |  32.18
     16 |     256 |      4 |       64 |  32.28
     16 |     256 |      4 |      128 |  32.20
     16 |     512 |      1 |        0 |  20.61
     16 |     512 |      1 |       32 |  20.59
     16 |     512 |      1 |       64 |  20.65
     16 |     512 |      1 |      128 |  20.67
     16 |     512 |      2 |        0 |  29.79
     16 |     512 |      2 |       32 |  29.63
     16 |     512 |      2 |       64 |  29.64
     16 |     512 |      2 |      128 |  29.63
     16 |     512 |      4 |        0 |  33.69
     16 |     512 |      4 |       32 |  32.19
     16 |     512 |      4 |       64 |  32.24
     16 |     512 |      4 |      128 |  32.20
     32 |      32 |      1 |        0 |  15.10
     32 |      32 |      1 |       32 |  16.94
     32 |      32 |      1 |       64 |  17.09
     32 |      32 |      1 |      128 |  17.24
     32 |      32 |      2 |        0 |  26.17
     32 |      32 |      2 |       32 |  26.27
     32 |      32 |      2 |       64 |  26.26
     32 |      32 |      2 |      128 |  26.33
     32 |      32 |      4 |        0 |  28.29
     32 |      32 |      4 |       32 |  26.38
     32 |      32 |      4 |       64 |  26.60
     32 |      32 |      4 |      128 |  26.97
     32 |      64 |      1 |        0 |  20.93
     32 |      64 |      1 |       32 |  20.85
     32 |      64 |      1 |       64 |  20.89
     32 |      64 |      1 |      128 |  20.85
     32 |      64 |      2 |        0 |  30.26
     32 |      64 |      2 |       32 |  30.12
     32 |      64 |      2 |       64 |  30.17
     32 |      64 |      2 |      128 |  30.07
     32 |      64 |      4 |        0 |  34.59
     32 |      64 |      4 |       32 |  33.24
     32 |      64 |      4 |       64 |  33.40
     32 |      64 |      4 |      128 |  33.32
     32 |     128 |      1 |        0 |  20.91
     32 |     128 |      1 |       32 |  20.83
     32 |     128 |      1 |       64 |  20.93
     32 |     128 |      1 |      128 |  19.69
     32 |     128 |      2 |        0 |  30.25
     32 |     128 |      2 |       32 |  30.13
     32 |     128 |      2 |       64 |  30.14
     32 |     128 |      2 |      128 |  30.13
     32 |     128 |      4 |        0 |  34.54
     32 |     128 |      4 |       32 |  33.18
     32 |     128 |      4 |       64 |  33.29
     32 |     128 |      4 |      128 |  33.22
     32 |     256 |      1 |        0 |  20.95
     32 |     256 |      1 |       32 |  20.87
     32 |     256 |      1 |       64 |  20.90
     32 |     256 |      1 |      128 |  20.92
     32 |     256 |      2 |        0 |  30.26
     32 |     256 |      2 |       32 |  30.16
     32 |     256 |      2 |       64 |  30.17
     32 |     256 |      2 |      128 |  30.09
     32 |     256 |      4 |        0 |  34.62
     32 |     256 |      4 |       32 |  33.13
     32 |     256 |      4 |       64 |  33.35
     32 |     256 |      4 |      128 |  33.37
     32 |     512 |      1 |        0 |  20.94
     32 |     512 |      1 |       32 |  20.90
     32 |     512 |      1 |       64 |  20.90
     32 |     512 |      1 |      128 |  20.88
     32 |     512 |      2 |        0 |  30.28
     32 |     512 |      2 |       32 |  30.18
     32 |     512 |      2 |       64 |  30.16
     32 |     512 |      2 |      128 |  30.08
     32 |     512 |      4 |        0 |  34.47
     32 |     512 |      4 |       32 |  30.52
     32 |     512 |      4 |       64 |  33.25
     32 |     512 |      4 |      128 |  33.16
     64 |      32 |      1 |        0 |  17.14
     64 |      32 |      1 |       32 |  17.02
     64 |      32 |      1 |       64 |  17.04
     64 |      32 |      1 |      128 |  17.12
     64 |      32 |      2 |        0 |  26.89
     64 |      32 |      2 |       32 |  26.07
     64 |      32 |      2 |       64 |  26.01
     64 |      32 |      2 |      128 |  26.04
     64 |      32 |      4 |        0 |  29.33
     64 |      32 |      4 |       32 |  25.95
     64 |      32 |      4 |       64 |  26.31
     64 |      32 |      4 |      128 |  26.31
     64 |      64 |      1 |        0 |  21.01
     64 |      64 |      1 |       32 |  20.86
     64 |      64 |      1 |       64 |  20.87
     64 |      64 |      1 |      128 |  20.92
     64 |      64 |      2 |        0 |  30.48
     64 |      64 |      2 |       32 |  30.37
     64 |      64 |      2 |       64 |  30.42
     64 |      64 |      2 |      128 |  30.41
     64 |      64 |      4 |        0 |  34.85
     64 |      64 |      4 |       32 |  33.41
     64 |      64 |      4 |       64 |  33.41
     64 |      64 |      4 |      128 |  33.43
     64 |     128 |      1 |        0 |  19.88
     64 |     128 |      1 |       32 |  20.90
     64 |     128 |      1 |       64 |  20.91
     64 |     128 |      1 |      128 |  20.90
     64 |     128 |      2 |        0 |  30.55
     64 |     128 |      2 |       32 |  30.43
     64 |     128 |      2 |       64 |  30.36
     64 |     128 |      2 |      128 |  30.40
     64 |     128 |      4 |        0 |  34.90
     64 |     128 |      4 |       32 |  33.47
     64 |     128 |      4 |       64 |  33.44
     64 |     128 |      4 |      128 |  33.50
     64 |     256 |      1 |        0 |  20.99
     64 |     256 |      1 |       32 |  20.85
     64 |     256 |      1 |       64 |  20.97
     64 |     256 |      1 |      128 |  20.94
     64 |     256 |      2 |        0 |  30.53
     64 |     256 |      2 |       32 |  30.38
     64 |     256 |      2 |       64 |  30.41
     64 |     256 |      2 |      128 |  30.37
     64 |     256 |      4 |        0 |  35.03
     64 |     256 |      4 |       32 |  33.36
     64 |     256 |      4 |       64 |  33.33
     64 |     256 |      4 |      128 |  33.50
     64 |     512 |      1 |        0 |  21.02
     64 |     512 |      1 |       32 |  20.97
     64 |     512 |      1 |       64 |  20.98
     64 |     512 |      1 |      128 |  20.97
     64 |     512 |      2 |        0 |  30.51
     64 |     512 |      2 |       32 |  25.05
     64 |     512 |      2 |       64 |  30.17
     64 |     512 |      2 |      128 |  30.22
     64 |     512 |      4 |        0 |  34.87
     64 |     512 |      4 |       32 |  33.40
     64 |     512 |      4 |       64 |  33.44
     64 |     512 |      4 |      128 |  33.46
    128 |      32 |      1 |        0 |  17.02
    128 |      32 |      1 |       32 |  17.05
    128 |      32 |      1 |       64 |  17.10
    128 |      32 |      1 |      128 |  17.05
    128 |      32 |      2 |        0 |  26.86
    128 |      32 |      2 |       32 |  26.60
    128 |      32 |      2 |       64 |  26.64
    128 |      32 |      2 |      128 |  26.62
    128 |      32 |      4 |        0 |  29.39
    128 |      32 |      4 |       32 |  26.06
    128 |      32 |      4 |       64 |  26.39
    128 |      32 |      4 |      128 |  26.29
    128 |      64 |      1 |        0 |  20.93
    128 |      64 |      1 |       32 |  20.87
    128 |      64 |      1 |       64 |  20.90
    128 |      64 |      1 |      128 |  20.87
    128 |      64 |      2 |        0 |  30.53
    128 |      64 |      2 |       32 |  30.48
    128 |      64 |      2 |       64 |  30.48
    128 |      64 |      2 |      128 |  30.50
    128 |      64 |      4 |        0 |  34.85
    128 |      64 |      4 |       32 |  30.05
    128 |      64 |      4 |       64 |  33.44
    128 |      64 |      4 |      128 |  33.36
    128 |     128 |      1 |        0 |  20.98
    128 |     128 |      1 |       32 |  20.93
    128 |     128 |      1 |       64 |  20.93
    128 |     128 |      1 |      128 |  20.99
    128 |     128 |      2 |        0 |  30.54
    128 |     128 |      2 |       32 |  30.42
    128 |     128 |      2 |       64 |  30.36
    128 |     128 |      2 |      128 |  30.44
    128 |     128 |      4 |        0 |  34.85
    128 |     128 |      4 |       32 |  33.43
    128 |     128 |      4 |       64 |  33.35
    128 |     128 |      4 |      128 |  33.48
    128 |     256 |      1 |        0 |  20.93
    128 |     256 |      1 |       32 |  20.91
    128 |     256 |      1 |       64 |  20.93
    128 |     256 |      1 |      128 |  20.95
    128 |     256 |      2 |        0 |  30.46
    128 |     256 |      2 |       32 |  30.34
    128 |     256 |      2 |       64 |  30.36
    128 |     256 |      2 |      128 |  30.37
    128 |     256 |      4 |        0 |  34.93
    128 |     256 |      4 |       32 |  33.43
    128 |     256 |      4 |       64 |  33.45
    128 |     256 |      4 |      128 |  33.44
    128 |     512 |      1 |        0 |  21.02
    128 |     512 |      1 |       32 |  20.89
    128 |     512 |      1 |       64 |  19.40
    128 |     512 |      1 |      128 |  20.93
    128 |     512 |      2 |        0 |  30.60
    128 |     512 |      2 |       32 |  30.46
    128 |     512 |      2 |       64 |  30.34
    128 |     512 |      2 |      128 |  30.40
    128 |     512 |      4 |        0 |  34.96
    128 |     512 |      4 |       32 |  33.41
    128 |     512 |      4 |       64 |  33.47
    128 |     512 |      4 |      128 |  33.44
----------------------------------------------------------------
OpenBLAS baseline: 26.97 GFLOPS
Best config: ROW=64, COL=256, UNROLL=4, PREFETCH=0 -> 35.03 GFLOPS
Speedup vs OpenBLAS: 1.30x

Matrix: 256x256 (fits in L2 cache)
----------------------------------------------------------------
ROW_BLK | COL_BLK | UNROLL | PREFETCH | GFLOPS
--------|---------|--------|----------|--------
      4 |      32 |      1 |        0 |  13.04
      4 |      32 |      1 |       32 |  13.12
      4 |      32 |      1 |       64 |  13.06
      4 |      32 |      1 |      128 |  13.09
      4 |      32 |      2 |        0 |  16.11
      4 |      32 |      2 |       32 |  16.19
      4 |      32 |      2 |       64 |  16.14
      4 |      32 |      2 |      128 |  16.16
      4 |      32 |      4 |        0 |  16.02
      4 |      32 |      4 |       32 |  15.33
      4 |      32 |      4 |       64 |  15.41
      4 |      32 |      4 |      128 |  15.52
      4 |      64 |      1 |        0 |  16.55
      4 |      64 |      1 |       32 |  16.29
      4 |      64 |      1 |       64 |  16.46
      4 |      64 |      1 |      128 |  16.44
      4 |      64 |      2 |        0 |  19.68
      4 |      64 |      2 |       32 |  19.79
      4 |      64 |      2 |       64 |  19.50
      4 |      64 |      2 |      128 |  19.62
      4 |      64 |      4 |        0 |  20.27
      4 |      64 |      4 |       32 |  19.42
      4 |      64 |      4 |       64 |  18.62
      4 |      64 |      4 |      128 |  18.44
      4 |     128 |      1 |        0 |  16.92
      4 |     128 |      1 |       32 |  16.90
      4 |     128 |      1 |       64 |  16.64
      4 |     128 |      1 |      128 |  17.03
      4 |     128 |      2 |        0 |  22.21
      4 |     128 |      2 |       32 |  22.34
      4 |     128 |      2 |       64 |  22.15
      4 |     128 |      2 |      128 |  22.33
      4 |     128 |      4 |        0 |  21.43
      4 |     128 |      4 |       32 |  21.67
      4 |     128 |      4 |       64 |  14.24
      4 |     128 |      4 |      128 |  16.52
      4 |     256 |      1 |        0 |  11.96
      4 |     256 |      1 |       32 |  14.15
      4 |     256 |      1 |       64 |  14.36
      4 |     256 |      1 |      128 |  14.68
      4 |     256 |      2 |        0 |  22.94
      4 |     256 |      2 |       32 |  22.94
      4 |     256 |      2 |       64 |  22.88
      4 |     256 |      2 |      128 |  22.58
      4 |     256 |      4 |        0 |  26.44
      4 |     256 |      4 |       32 |  25.56
      4 |     256 |      4 |       64 |  25.54
      4 |     256 |      4 |      128 |  25.91
      4 |     512 |      1 |        0 |  14.73
      4 |     512 |      1 |       32 |  10.90
      4 |     512 |      1 |       64 |  12.11
      4 |     512 |      1 |      128 |  12.52
      4 |     512 |      2 |        0 |  22.13
      4 |     512 |      2 |       32 |  22.39
      4 |     512 |      2 |       64 |  22.83
      4 |     512 |      2 |      128 |  23.07
      4 |     512 |      4 |        0 |  26.24
      4 |     512 |      4 |       32 |  25.69
      4 |     512 |      4 |       64 |  25.42
      4 |     512 |      4 |      128 |  25.90
      8 |      32 |      1 |        0 |  13.58
      8 |      32 |      1 |       32 |  13.69
      8 |      32 |      1 |       64 |  13.69
      8 |      32 |      1 |      128 |  13.59
      8 |      32 |      2 |        0 |  17.24
      8 |      32 |      2 |       32 |  17.29
      8 |      32 |      2 |       64 |  17.22
      8 |      32 |      2 |      128 |  17.18
      8 |      32 |      4 |        0 |  17.03
      8 |      32 |      4 |       32 |  16.58
      8 |      32 |      4 |       64 |  16.52
      8 |      32 |      4 |      128 |  16.45
      8 |      64 |      1 |        0 |  17.05
      8 |      64 |      1 |       32 |  16.85
      8 |      64 |      1 |       64 |  17.01
      8 |      64 |      1 |      128 |  17.02
      8 |      64 |      2 |        0 |  20.31
      8 |      64 |      2 |       32 |  20.44
      8 |      64 |      2 |       64 |  20.36
      8 |      64 |      2 |      128 |  20.45
      8 |      64 |      4 |        0 |  21.72
      8 |      64 |      4 |       32 |  20.47
      8 |      64 |      4 |       64 |  19.60
      8 |      64 |      4 |      128 |  19.40
      8 |     128 |      1 |        0 |  17.40
      8 |     128 |      1 |       32 |  17.38
      8 |     128 |      1 |       64 |  17.12
      8 |     128 |      1 |      128 |  17.28
      8 |     128 |      2 |        0 |  23.02
      8 |     128 |      2 |       32 |  21.71
      8 |     128 |      2 |       64 |  22.66
      8 |     128 |      2 |      128 |  22.98
      8 |     128 |      4 |        0 |  22.30
      8 |     128 |      4 |       32 |  22.25
      8 |     128 |      4 |       64 |  22.03
      8 |     128 |      4 |      128 |  21.16
      8 |     256 |      1 |        0 |  14.57
      8 |     256 |      1 |       32 |  14.63
      8 |     256 |      1 |       64 |  14.74
      8 |     256 |      1 |      128 |  14.77
      8 |     256 |      2 |        0 |  23.22
      8 |     256 |      2 |       32 |  23.51
      8 |     256 |      2 |       64 |  23.40
      8 |     256 |      2 |      128 |  23.36
      8 |     256 |      4 |        0 |  26.80
      8 |     256 |      4 |       32 |  26.28
      8 |     256 |      4 |       64 |  26.36
      8 |     256 |      4 |      128 |  26.23
      8 |     512 |      1 |        0 |  14.79
      8 |     512 |      1 |       32 |  14.69
      8 |     512 |      1 |       64 |  14.67
      8 |     512 |      1 |      128 |  14.97
      8 |     512 |      2 |        0 |  23.62
      8 |     512 |      2 |       32 |  23.38
      8 |     512 |      2 |       64 |  23.63
      8 |     512 |      2 |      128 |  23.61
      8 |     512 |      4 |        0 |  26.99
      8 |     512 |      4 |       32 |  26.44
      8 |     512 |      4 |       64 |  26.12
      8 |     512 |      4 |      128 |  26.56
     16 |      32 |      1 |        0 |  13.93
     16 |      32 |      1 |       32 |  14.03
     16 |      32 |      1 |       64 |  14.04
     16 |      32 |      1 |      128 |  13.95
     16 |      32 |      2 |        0 |  17.87
     16 |      32 |      2 |       32 |  17.95
     16 |      32 |      2 |       64 |  17.83
     16 |      32 |      2 |      128 |  18.00
     16 |      32 |      4 |        0 |  18.06
     16 |      32 |      4 |       32 |  17.14
     16 |      32 |      4 |       64 |  17.09
     16 |      32 |      4 |      128 |  16.88
     16 |      64 |      1 |        0 |  17.28
     16 |      64 |      1 |       32 |  16.62
     16 |      64 |      1 |       64 |  14.98
     16 |      64 |      1 |      128 |  17.36
     16 |      64 |      2 |        0 |  21.27
     16 |      64 |      2 |       32 |  21.09
     16 |      64 |      2 |       64 |  21.04
     16 |      64 |      2 |      128 |  21.03
     16 |      64 |      4 |        0 |  22.11
     16 |      64 |      4 |       32 |  20.50
     16 |      64 |      4 |       64 |  20.19
     16 |      64 |      4 |      128 |  19.58
     16 |     128 |      1 |        0 |  17.57
     16 |     128 |      1 |       32 |  17.51
     16 |     128 |      1 |       64 |  17.63
     16 |     128 |      1 |      128 |  17.61
     16 |     128 |      2 |        0 |  23.29
     16 |     128 |      2 |       32 |  23.21
     16 |     128 |      2 |       64 |  22.13
     16 |     128 |      2 |      128 |  22.79
     16 |     128 |      4 |        0 |  22.37
     16 |     128 |      4 |       32 |  22.64
     16 |     128 |      4 |       64 |  21.82
     16 |     128 |      4 |      128 |  21.70
     16 |     256 |      1 |        0 |  14.68
     16 |     256 |      1 |       32 |  14.88
     16 |     256 |      1 |       64 |  14.84
     16 |     256 |      1 |      128 |  13.45
     16 |     256 |      2 |        0 |  22.96
     16 |     256 |      2 |       32 |  23.48
     16 |     256 |      2 |       64 |  23.71
     16 |     256 |      2 |      128 |  23.51
     16 |     256 |      4 |        0 |  27.29
     16 |     256 |      4 |       32 |  26.08
     16 |     256 |      4 |       64 |  26.21
     16 |     256 |      4 |      128 |  26.77
     16 |     512 |      1 |        0 |  14.70
     16 |     512 |      1 |       32 |  14.76
     16 |     512 |      1 |       64 |  14.75
     16 |     512 |      1 |      128 |  14.67
     16 |     512 |      2 |        0 |  23.60
     16 |     512 |      2 |       32 |  23.70
     16 |     512 |      2 |       64 |  23.52
     16 |     512 |      2 |      128 |  23.51
     16 |     512 |      4 |        0 |  27.11
     16 |     512 |      4 |       32 |  26.11
     16 |     512 |      4 |       64 |  26.53
     16 |     512 |      4 |      128 |  26.54
     32 |      32 |      1 |        0 |  14.05
     32 |      32 |      1 |       32 |  14.15
     32 |      32 |      1 |       64 |  14.16
     32 |      32 |      1 |      128 |  14.16
     32 |      32 |      2 |        0 |  18.17
     32 |      32 |      2 |       32 |  18.24
     32 |      32 |      2 |       64 |  18.17
     32 |      32 |      2 |      128 |  18.14
     32 |      32 |      4 |        0 |  18.47
     32 |      32 |      4 |       32 |  17.59
     32 |      32 |      4 |       64 |  17.44
     32 |      32 |      4 |      128 |  17.29
     32 |      64 |      1 |        0 |  17.14
     32 |      64 |      1 |       32 |  16.98
     32 |      64 |      1 |       64 |  17.25
     32 |      64 |      1 |      128 |  17.15
     32 |      64 |      2 |        0 |  21.48
     32 |      64 |      2 |       32 |  21.05
     32 |      64 |      2 |       64 |  21.23
     32 |      64 |      2 |      128 |  21.34
     32 |      64 |      4 |        0 |  22.36
     32 |      64 |      4 |       32 |  20.98
     32 |      64 |      4 |       64 |  20.39
     32 |      64 |      4 |      128 |  19.88
     32 |     128 |      1 |        0 |  17.27
     32 |     128 |      1 |       32 |  17.24
     32 |     128 |      1 |       64 |  17.24
     32 |     128 |      1 |      128 |  17.32
     32 |     128 |      2 |        0 |  23.15
     32 |     128 |      2 |       32 |  23.27
     32 |     128 |      2 |       64 |  22.99
     32 |     128 |      2 |      128 |  23.31
     32 |     128 |      4 |        0 |  22.77
     32 |     128 |      4 |       32 |  22.69
     32 |     128 |      4 |       64 |  22.23
     32 |     128 |      4 |      128 |  21.52
     32 |     256 |      1 |        0 |  14.83
     32 |     256 |      1 |       32 |  14.72
     32 |     256 |      1 |       64 |  14.77
     32 |     256 |      1 |      128 |  14.67
     32 |     256 |      2 |        0 |  23.57
     32 |     256 |      2 |       32 |  23.40
     32 |     256 |      2 |       64 |  23.36
     32 |     256 |      2 |      128 |  23.11
     32 |     256 |      4 |        0 |  27.07
     32 |     256 |      4 |       32 |  26.21
     32 |     256 |      4 |       64 |  26.21
     32 |     256 |      4 |      128 |  26.61
     32 |     512 |      1 |        0 |  14.87
     32 |     512 |      1 |       32 |  14.93
     32 |     512 |      1 |       64 |  14.88
     32 |     512 |      1 |      128 |  14.77
     32 |     512 |      2 |        0 |  23.45
     32 |     512 |      2 |       32 |  23.59
     32 |     512 |      2 |       64 |  23.22
     32 |     512 |      2 |      128 |  23.58
     32 |     512 |      4 |        0 |  26.85
     32 |     512 |      4 |       32 |  26.37
     32 |     512 |      4 |       64 |  25.91
     32 |     512 |      4 |      128 |  26.12
     64 |      32 |      1 |        0 |  13.88
     64 |      32 |      1 |       32 |  13.87
     64 |      32 |      1 |       64 |  13.95
     64 |      32 |      1 |      128 |  14.05
     64 |      32 |      2 |        0 |  18.45
     64 |      32 |      2 |       32 |  18.39
     64 |      32 |      2 |       64 |  18.17
     64 |      32 |      2 |      128 |  18.22
     64 |      32 |      4 |        0 |  18.70
     64 |      32 |      4 |       32 |  17.80
     64 |      32 |      4 |       64 |  17.66
     64 |      32 |      4 |      128 |  17.40
     64 |      64 |      1 |        0 |  17.34
     64 |      64 |      1 |       32 |  17.07
     64 |      64 |      1 |       64 |  17.22
     64 |      64 |      1 |      128 |  17.01
     64 |      64 |      2 |        0 |  21.47
     64 |      64 |      2 |       32 |  21.11
     64 |      64 |      2 |       64 |  21.21
     64 |      64 |      2 |      128 |  21.26
     64 |      64 |      4 |        0 |  22.42
     64 |      64 |      4 |       32 |  21.31
     64 |      64 |      4 |       64 |  20.43
     64 |      64 |      4 |      128 |  20.02
     64 |     128 |      1 |        0 |  17.23
     64 |     128 |      1 |       32 |  17.34
     64 |     128 |      1 |       64 |  17.45
     64 |     128 |      1 |      128 |  17.35
     64 |     128 |      2 |        0 |  23.29
     64 |     128 |      2 |       32 |  23.35
     64 |     128 |      2 |       64 |  22.89
     64 |     128 |      2 |      128 |  22.86
     64 |     128 |      4 |        0 |  22.66
     64 |     128 |      4 |       32 |  22.21
     64 |     128 |      4 |       64 |  22.21
     64 |     128 |      4 |      128 |  21.73
     64 |     256 |      1 |        0 |  14.75
     64 |     256 |      1 |       32 |  14.86
     64 |     256 |      1 |       64 |  14.70
     64 |     256 |      1 |      128 |  14.58
     64 |     256 |      2 |        0 |  23.46
     64 |     256 |      2 |       32 |  23.54
     64 |     256 |      2 |       64 |  23.70
     64 |     256 |      2 |      128 |  23.53
     64 |     256 |      4 |        0 |  27.17
     64 |     256 |      4 |       32 |  26.39
     64 |     256 |      4 |       64 |  26.47
     64 |     256 |      4 |      128 |  26.33
     64 |     512 |      1 |        0 |  14.76
     64 |     512 |      1 |       32 |  14.83
     64 |     512 |      1 |       64 |  14.75
     64 |     512 |      1 |      128 |  14.94
     64 |     512 |      2 |        0 |  23.75
     64 |     512 |      2 |       32 |  23.56
     64 |     512 |      2 |       64 |  23.58
     64 |     512 |      2 |      128 |  23.76
     64 |     512 |      4 |        0 |  26.75
     64 |     512 |      4 |       32 |  26.22
     64 |     512 |      4 |       64 |  26.33
     64 |     512 |      4 |      128 |  26.74
    128 |      32 |      1 |        0 |  14.07
    128 |      32 |      1 |       32 |  14.17
    128 |      32 |      1 |       64 |  14.24
    128 |      32 |      1 |      128 |  14.10
    128 |      32 |      2 |        0 |  18.37
    128 |      32 |      2 |       32 |  18.12
    128 |      32 |      2 |       64 |  18.10
    128 |      32 |      2 |      128 |  17.99
    128 |      32 |      4 |        0 |  18.28
    128 |      32 |      4 |       32 |  17.79
    128 |      32 |      4 |       64 |  17.53
    128 |      32 |      4 |      128 |  17.36
    128 |      64 |      1 |        0 |  17.42
    128 |      64 |      1 |       32 |  17.24
    128 |      64 |      1 |       64 |  17.42
    128 |      64 |      1 |      128 |  17.44
    128 |      64 |      2 |        0 |  21.23
    128 |      64 |      2 |       32 |  21.20
    128 |      64 |      2 |       64 |  21.44
    128 |      64 |      2 |      128 |  21.39
    128 |      64 |      4 |        0 |  21.99
    128 |      64 |      4 |       32 |  21.45
    128 |      64 |      4 |       64 |  20.60
    128 |      64 |      4 |      128 |  20.24
    128 |     128 |      1 |        0 |  17.47
    128 |     128 |      1 |       32 |  17.55
    128 |     128 |      1 |       64 |  17.41
    128 |     128 |      1 |      128 |  17.44
    128 |     128 |      2 |        0 |  23.37
    128 |     128 |      2 |       32 |  23.44
    128 |     128 |      2 |       64 |  22.66
    128 |     128 |      2 |      128 |  23.06
    128 |     128 |      4 |        0 |  22.82
    128 |     128 |      4 |       32 |  22.73
    128 |     128 |      4 |       64 |  22.51
    128 |     128 |      4 |      128 |  21.53
    128 |     256 |      1 |        0 |  14.49
    128 |     256 |      1 |       32 |  14.62
    128 |     256 |      1 |       64 |  14.86
    128 |     256 |      1 |      128 |  14.85
    128 |     256 |      2 |        0 |  23.27
    128 |     256 |      2 |       32 |  23.80
    128 |     256 |      2 |       64 |  23.38
    128 |     256 |      2 |      128 |  23.66
    128 |     256 |      4 |        0 |  26.97
    128 |     256 |      4 |       32 |  26.49
    128 |     256 |      4 |       64 |  26.53
    128 |     256 |      4 |      128 |  26.76
    128 |     512 |      1 |        0 |  14.90
    128 |     512 |      1 |       32 |  14.83
    128 |     512 |      1 |       64 |  14.76
    128 |     512 |      1 |      128 |  14.73
    128 |     512 |      2 |        0 |  23.88
    128 |     512 |      2 |       32 |  23.54
    128 |     512 |      2 |       64 |  23.82
    128 |     512 |      2 |      128 |  23.65
    128 |     512 |      4 |        0 |  27.18
    128 |     512 |      4 |       32 |  26.73
    128 |     512 |      4 |       64 |  25.64
    128 |     512 |      4 |      128 |  26.86
----------------------------------------------------------------
OpenBLAS baseline: 26.69 GFLOPS
Best config: ROW=16, COL=256, UNROLL=4, PREFETCH=0 -> 27.29 GFLOPS
Speedup vs OpenBLAS: 1.02x

Matrix: 1024x1024 (fits in L3 cache)
----------------------------------------------------------------
ROW_BLK | COL_BLK | UNROLL | PREFETCH | GFLOPS
--------|---------|--------|----------|--------
      4 |      32 |      1 |        0 |   3.50
      4 |      32 |      1 |       32 |  10.71
      4 |      32 |      1 |       64 |  10.94
      4 |      32 |      1 |      128 |  10.94
      4 |      32 |      2 |        0 |  10.70
      4 |      32 |      2 |       32 |  10.67
      4 |      32 |      2 |       64 |  10.63
      4 |      32 |      2 |      128 |  10.69
      4 |      32 |      4 |        0 |   8.20
      4 |      32 |      4 |       32 |   8.26
      4 |      32 |      4 |       64 |   8.28
      4 |      32 |      4 |      128 |   8.32
      4 |      64 |      1 |        0 |  13.67
      4 |      64 |      1 |       32 |  13.66
      4 |      64 |      1 |       64 |  13.67
      4 |      64 |      1 |      128 |  13.68
      4 |      64 |      2 |        0 |  14.21
      4 |      64 |      2 |       32 |  14.19
      4 |      64 |      2 |       64 |  14.19
      4 |      64 |      2 |      128 |  14.21
      4 |      64 |      4 |        0 |  11.47
      4 |      64 |      4 |       32 |  11.21
      4 |      64 |      4 |       64 |  10.66
      4 |      64 |      4 |      128 |  11.22
      4 |     128 |      1 |        0 |  13.40
      4 |     128 |      1 |       32 |  13.50
      4 |     128 |      1 |       64 |  13.04
      4 |     128 |      1 |      128 |  13.41
      4 |     128 |      2 |        0 |  13.80
      4 |     128 |      2 |       32 |  13.84
      4 |     128 |      2 |       64 |  13.77
      4 |     128 |      2 |      128 |  13.89
      4 |     128 |      4 |        0 |  13.07
      4 |     128 |      4 |       32 |  13.00
      4 |     128 |      4 |       64 |  12.64
      4 |     128 |      4 |      128 |  13.23
      4 |     256 |      1 |        0 |  13.11
      4 |     256 |      1 |       32 |  13.15
      4 |     256 |      1 |       64 |  13.12
      4 |     256 |      1 |      128 |  13.14
      4 |     256 |      2 |        0 |  14.02
      4 |     256 |      2 |       32 |  14.01
      4 |     256 |      2 |       64 |  14.01
      4 |     256 |      2 |      128 |  14.02
      4 |     256 |      4 |        0 |  15.85
      4 |     256 |      4 |       32 |  15.48
      4 |     256 |      4 |       64 |  15.52
      4 |     256 |      4 |      128 |  15.84
      4 |     512 |      1 |        0 |  12.59
      4 |     512 |      1 |       32 |  12.73
      4 |     512 |      1 |       64 |  12.71
      4 |     512 |      1 |      128 |  12.75
      4 |     512 |      2 |        0 |  17.52
      4 |     512 |      2 |       32 |  18.24
      4 |     512 |      2 |       64 |  18.25
      4 |     512 |      2 |      128 |  18.25
      4 |     512 |      4 |        0 |  20.14
      4 |     512 |      4 |       32 |  19.93
      4 |     512 |      4 |       64 |  19.84
      4 |     512 |      4 |      128 |  19.82
      8 |      32 |      1 |        0 |  10.72
      8 |      32 |      1 |       32 |  11.31
      8 |      32 |      1 |       64 |  11.29
      8 |      32 |      1 |      128 |  11.31
      8 |      32 |      2 |        0 |  11.31
      8 |      32 |      2 |       32 |  11.31
      8 |      32 |      2 |       64 |  11.30
      8 |      32 |      2 |      128 |  11.29
      8 |      32 |      4 |        0 |   8.57
      8 |      32 |      4 |       32 |   8.60
      8 |      32 |      4 |       64 |   8.73
      8 |      32 |      4 |      128 |   8.82
      8 |      64 |      1 |        0 |  13.98
      8 |      64 |      1 |       32 |  13.98
      8 |      64 |      1 |       64 |  14.00
      8 |      64 |      1 |      128 |  13.98
      8 |      64 |      2 |        0 |  14.66
      8 |      64 |      2 |       32 |  14.65
      8 |      64 |      2 |       64 |  14.63
      8 |      64 |      2 |      128 |  14.64
      8 |      64 |      4 |        0 |  11.57
      8 |      64 |      4 |       32 |  11.36
      8 |      64 |      4 |       64 |  10.79
      8 |      64 |      4 |      128 |  10.91
      8 |     128 |      1 |        0 |  13.49
      8 |     128 |      1 |       32 |  13.68
      8 |     128 |      1 |       64 |  13.65
      8 |     128 |      1 |      128 |  13.66
      8 |     128 |      2 |        0 |  13.57
      8 |     128 |      2 |       32 |  13.59
      8 |     128 |      2 |       64 |  13.59
      8 |     128 |      2 |      128 |  13.77
      8 |     128 |      4 |        0 |  13.10
      8 |     128 |      4 |       32 |  13.12
      8 |     128 |      4 |       64 |  12.76
      8 |     128 |      4 |      128 |  13.38
      8 |     256 |      1 |        0 |  13.20
      8 |     256 |      1 |       32 |  13.31
      8 |     256 |      1 |       64 |  13.29
      8 |     256 |      1 |      128 |  13.30
      8 |     256 |      2 |        0 |  14.04
      8 |     256 |      2 |       32 |  14.01
      8 |     256 |      2 |       64 |  14.00
      8 |     256 |      2 |      128 |  14.02
      8 |     256 |      4 |        0 |  15.92
      8 |     256 |      4 |       32 |  15.47
      8 |     256 |      4 |       64 |  15.59
      8 |     256 |      4 |      128 |  15.92
      8 |     512 |      1 |        0 |  12.82
      8 |     512 |      1 |       32 |  12.85
      8 |     512 |      1 |       64 |  12.91
      8 |     512 |      1 |      128 |  12.92
      8 |     512 |      2 |        0 |  18.77
      8 |     512 |      2 |       32 |  18.66
      8 |     512 |      2 |       64 |  18.72
      8 |     512 |      2 |      128 |  18.74
      8 |     512 |      4 |        0 |  20.58
      8 |     512 |      4 |       32 |  20.32
      8 |     512 |      4 |       64 |  20.20
      8 |     512 |      4 |      128 |  20.09
     16 |      32 |      1 |        0 |  11.45
     16 |      32 |      1 |       32 |  10.89
     16 |      32 |      1 |       64 |  11.33
     16 |      32 |      1 |      128 |  11.48
     16 |      32 |      2 |        0 |  11.38
     16 |      32 |      2 |       32 |  11.42
     16 |      32 |      2 |       64 |  11.41
     16 |      32 |      2 |      128 |  11.38
     16 |      32 |      4 |        0 |   9.12
     16 |      32 |      4 |       32 |   9.22
     16 |      32 |      4 |       64 |   9.25
     16 |      32 |      4 |      128 |   9.27
     16 |      64 |      1 |        0 |  12.87
     16 |      64 |      1 |       32 |  11.94
     16 |      64 |      1 |       64 |  13.28
     16 |      64 |      1 |      128 |  14.19
     16 |      64 |      2 |        0 |  14.95
     16 |      64 |      2 |       32 |  14.99
     16 |      64 |      2 |       64 |  14.89
     16 |      64 |      2 |      128 |  14.37
     16 |      64 |      4 |        0 |  11.63
     16 |      64 |      4 |       32 |  11.45
     16 |      64 |      4 |       64 |  10.86
     16 |      64 |      4 |      128 |  11.61
     16 |     128 |      1 |        0 |  13.61
     16 |     128 |      1 |       32 |  13.73
     16 |     128 |      1 |       64 |  13.72
     16 |     128 |      1 |      128 |  13.73
     16 |     128 |      2 |        0 |  13.44
     16 |     128 |      2 |       32 |  13.31
     16 |     128 |      2 |       64 |  13.37
     16 |     128 |      2 |      128 |  13.42
     16 |     128 |      4 |        0 |  13.13
     16 |     128 |      4 |       32 |  13.21
     16 |     128 |      4 |       64 |  12.84
     16 |     128 |      4 |      128 |  13.52
     16 |     256 |      1 |        0 |  13.05
     16 |     256 |      1 |       32 |  13.21
     16 |     256 |      1 |       64 |  13.21
     16 |     256 |      1 |      128 |  13.20
     16 |     256 |      2 |        0 |  14.03
     16 |     256 |      2 |       32 |  14.00
     16 |     256 |      2 |       64 |  14.01
     16 |     256 |      2 |      128 |  14.02
     16 |     256 |      4 |        0 |  15.93
     16 |     256 |      4 |       32 |  15.46
     16 |     256 |      4 |       64 |  15.60
     16 |     256 |      4 |      128 |  16.06
     16 |     512 |      1 |        0 |  12.82
     16 |     512 |      1 |       32 |  12.89
     16 |     512 |      1 |       64 |  12.88
     16 |     512 |      1 |      128 |  12.88
     16 |     512 |      2 |        0 |  18.82
     16 |     512 |      2 |       32 |  18.85
     16 |     512 |      2 |       64 |  18.79
     16 |     512 |      2 |      128 |  18.68
     16 |     512 |      4 |        0 |  20.53
     16 |     512 |      4 |       32 |  20.31
     16 |     512 |      4 |       64 |  20.23
     16 |     512 |      4 |      128 |  20.12
     32 |      32 |      1 |        0 |  11.64
     32 |      32 |      1 |       32 |  11.66
     32 |      32 |      1 |       64 |  11.64
     32 |      32 |      1 |      128 |  11.66
     32 |      32 |      2 |        0 |  11.50
     32 |      32 |      2 |       32 |  11.46
     32 |      32 |      2 |       64 |  11.48
     32 |      32 |      2 |      128 |  11.48
     32 |      32 |      4 |        0 |   9.14
     32 |      32 |      4 |       32 |   9.38
     32 |      32 |      4 |       64 |   9.42
     32 |      32 |      4 |      128 |   9.45
     32 |      64 |      1 |        0 |  14.31
     32 |      64 |      1 |       32 |  14.30
     32 |      64 |      1 |       64 |  14.26
     32 |      64 |      1 |      128 |  14.27
     32 |      64 |      2 |        0 |  15.25
     32 |      64 |      2 |       32 |  15.22
     32 |      64 |      2 |       64 |  15.21
     32 |      64 |      2 |      128 |  15.23
     32 |      64 |      4 |        0 |  11.75
     32 |      64 |      4 |       32 |  11.49
     32 |      64 |      4 |       64 |  11.01
     32 |      64 |      4 |      128 |  11.72
     32 |     128 |      1 |        0 |  13.64
     32 |     128 |      1 |       32 |  13.74
     32 |     128 |      1 |       64 |  13.73
     32 |     128 |      1 |      128 |  13.75
     32 |     128 |      2 |        0 |  13.56
     32 |     128 |      2 |       32 |  13.08
     32 |     128 |      2 |       64 |  13.23
     32 |     128 |      2 |      128 |  13.44
     32 |     128 |      4 |        0 |  13.16
     32 |     128 |      4 |       32 |  13.22
     32 |     128 |      4 |       64 |  12.85
     32 |     128 |      4 |      128 |  13.50
     32 |     256 |      1 |        0 |  13.21
     32 |     256 |      1 |       32 |  13.28
     32 |     256 |      1 |       64 |  13.26
     32 |     256 |      1 |      128 |  13.27
     32 |     256 |      2 |        0 |  14.00
     32 |     256 |      2 |       32 |  13.98
     32 |     256 |      2 |       64 |  13.96
     32 |     256 |      2 |      128 |  13.93
     32 |     256 |      4 |        0 |  15.86
     32 |     256 |      4 |       32 |  15.52
     32 |     256 |      4 |       64 |  15.64
     32 |     256 |      4 |      128 |  16.04
     32 |     512 |      1 |        0 |  12.79
     32 |     512 |      1 |       32 |  12.89
     32 |     512 |      1 |       64 |  12.89
     32 |     512 |      1 |      128 |  12.89
     32 |     512 |      2 |        0 |  18.79
     32 |     512 |      2 |       32 |  18.80
     32 |     512 |      2 |       64 |  18.66
     32 |     512 |      2 |      128 |  18.74
     32 |     512 |      4 |        0 |  20.55
     32 |     512 |      4 |       32 |  20.31
     32 |     512 |      4 |       64 |  20.25
     32 |     512 |      4 |      128 |  20.19
     64 |      32 |      1 |        0 |  11.62
     64 |      32 |      1 |       32 |  11.65
     64 |      32 |      1 |       64 |  11.67
     64 |      32 |      1 |      128 |  11.65
     64 |      32 |      2 |        0 |  11.56
     64 |      32 |      2 |       32 |  11.59
     64 |      32 |      2 |       64 |  11.58
     64 |      32 |      2 |      128 |  11.57
     64 |      32 |      4 |        0 |   9.22
     64 |      32 |      4 |       32 |   9.46
     64 |      32 |      4 |       64 |   9.46
     64 |      32 |      4 |      128 |   9.53
     64 |      64 |      1 |        0 |  14.22
     64 |      64 |      1 |       32 |  14.24
     64 |      64 |      1 |       64 |  14.28
     64 |      64 |      1 |      128 |  14.25
     64 |      64 |      2 |        0 |  15.20
     64 |      64 |      2 |       32 |  15.19
     64 |      64 |      2 |       64 |  15.20
     64 |      64 |      2 |      128 |  15.13
     64 |      64 |      4 |        0 |  11.75
     64 |      64 |      4 |       32 |  11.50
     64 |      64 |      4 |       64 |  10.96
     64 |      64 |      4 |      128 |  11.69
     64 |     128 |      1 |        0 |  13.58
     64 |     128 |      1 |       32 |  13.79
     64 |     128 |      1 |       64 |  13.80
     64 |     128 |      1 |      128 |  13.78
     64 |     128 |      2 |        0 |  13.52
     64 |     128 |      2 |       32 |  13.37
     64 |     128 |      2 |       64 |  13.32
     64 |     128 |      2 |      128 |  13.28
     64 |     128 |      4 |        0 |  13.12
     64 |     128 |      4 |       32 |  13.20
     64 |     128 |      4 |       64 |  12.86
     64 |     128 |      4 |      128 |  13.52
     64 |     256 |      1 |        0 |  13.23
     64 |     256 |      1 |       32 |  13.29
     64 |     256 |      1 |       64 |  13.29
     64 |     256 |      1 |      128 |  13.29
     64 |     256 |      2 |        0 |  13.98
     64 |     256 |      2 |       32 |  13.93
     64 |     256 |      2 |       64 |  13.95
     64 |     256 |      2 |      128 |  13.99
     64 |     256 |      4 |        0 |  15.92
     64 |     256 |      4 |       32 |  15.47
     64 |     256 |      4 |       64 |  15.65
     64 |     256 |      4 |      128 |  16.08
     64 |     512 |      1 |        0 |  12.80
     64 |     512 |      1 |       32 |  12.93
     64 |     512 |      1 |       64 |  12.91
     64 |     512 |      1 |      128 |  12.91
     64 |     512 |      2 |        0 |  18.86
     64 |     512 |      2 |       32 |  17.83
     64 |     512 |      2 |       64 |  17.56
     64 |     512 |      2 |      128 |  17.54
     64 |     512 |      4 |        0 |  19.53
     64 |     512 |      4 |       32 |  19.06
     64 |     512 |      4 |       64 |  18.97
     64 |     512 |      4 |      128 |  18.87
    128 |      32 |      1 |        0 |  11.43
    128 |      32 |      1 |       32 |  11.48
    128 |      32 |      1 |       64 |  11.47
    128 |      32 |      1 |      128 |  11.57
    128 |      32 |      2 |        0 |  11.63
    128 |      32 |      2 |       32 |  11.62
    128 |      32 |      2 |       64 |  11.60
    128 |      32 |      2 |      128 |  11.59
    128 |      32 |      4 |        0 |   9.40
    128 |      32 |      4 |       32 |   9.45
    128 |      32 |      4 |       64 |   9.44
    128 |      32 |      4 |      128 |   9.53
    128 |      64 |      1 |        0 |  14.35
    128 |      64 |      1 |       32 |  14.32
    128 |      64 |      1 |       64 |  14.34
    128 |      64 |      1 |      128 |  14.28
    128 |      64 |      2 |        0 |  15.30
    128 |      64 |      2 |       32 |  15.22
    128 |      64 |      2 |       64 |  15.34
    128 |      64 |      2 |      128 |  15.32
    128 |      64 |      4 |        0 |  11.77
    128 |      64 |      4 |       32 |  11.57
    128 |      64 |      4 |       64 |  11.03
    128 |      64 |      4 |      128 |  11.73
    128 |     128 |      1 |        0 |  13.58
    128 |     128 |      1 |       32 |  13.83
    128 |     128 |      1 |       64 |  13.83
    128 |     128 |      1 |      128 |  13.81
    128 |     128 |      2 |        0 |  13.53
    128 |     128 |      2 |       32 |  13.34
    128 |     128 |      2 |       64 |  13.25
    128 |     128 |      2 |      128 |  13.34
    128 |     128 |      4 |        0 |  13.19
    128 |     128 |      4 |       32 |  13.27
    128 |     128 |      4 |       64 |  12.90
    128 |     128 |      4 |      128 |  13.62
    128 |     256 |      1 |        0 |  13.29
    128 |     256 |      1 |       32 |  13.34
    128 |     256 |      1 |       64 |  13.35
    128 |     256 |      1 |      128 |  13.33
    128 |     256 |      2 |        0 |  13.96
    128 |     256 |      2 |       32 |  13.99
    128 |     256 |      2 |       64 |  13.97
    128 |     256 |      2 |      128 |  13.98
    128 |     256 |      4 |        0 |  15.89
    128 |     256 |      4 |       32 |  15.45
    128 |     256 |      4 |       64 |  15.66
    128 |     256 |      4 |      128 |  16.12
    128 |     512 |      1 |        0 |  12.85
    128 |     512 |      1 |       32 |  12.82
    128 |     512 |      1 |       64 |  12.79
    128 |     512 |      1 |      128 |  12.81
    128 |     512 |      2 |        0 |  18.81
    128 |     512 |      2 |       32 |  18.85
    128 |     512 |      2 |       64 |  18.86
    128 |     512 |      2 |      128 |  18.86
    128 |     512 |      4 |        0 |  20.40
    128 |     512 |      4 |       32 |  20.13
    128 |     512 |      4 |       64 |  20.27
    128 |     512 |      4 |      128 |  20.21
----------------------------------------------------------------
OpenBLAS baseline: 56.87 GFLOPS
Best config: ROW=8, COL=512, UNROLL=4, PREFETCH=0 -> 20.58 GFLOPS
Speedup vs OpenBLAS: 0.36x

Matrix: 4096x4096 (fits in RAM cache)
----------------------------------------------------------------
ROW_BLK | COL_BLK | UNROLL | PREFETCH | GFLOPS
--------|---------|--------|----------|--------
      4 |      32 |      1 |        0 |   4.37
      4 |      32 |      1 |       32 |   4.33
      4 |      32 |      1 |       64 |   4.36
      4 |      32 |      1 |      128 |   4.36
      4 |      32 |      2 |        0 |   3.79
      4 |      32 |      2 |       32 |   3.80
      4 |      32 |      2 |       64 |   3.79
      4 |      32 |      2 |      128 |   3.78
      4 |      32 |      4 |        0 |   3.42
      4 |      32 |      4 |       32 |   3.63
      4 |      32 |      4 |       64 |   3.66
      4 |      32 |      4 |      128 |   3.60
      4 |      64 |      1 |        0 |   4.78
      4 |      64 |      1 |       32 |   4.73
      4 |      64 |      1 |       64 |   4.74
      4 |      64 |      1 |      128 |   4.75
      4 |      64 |      2 |        0 |   5.04
      4 |      64 |      2 |       32 |   5.03
      4 |      64 |      2 |       64 |   5.01
      4 |      64 |      2 |      128 |   5.05
      4 |      64 |      4 |        0 |   5.90
      4 |      64 |      4 |       32 |   5.59
      4 |      64 |      4 |       64 |   5.63
      4 |      64 |      4 |      128 |   5.41
      4 |     128 |      1 |        0 |   5.39
      4 |     128 |      1 |       32 |   5.39
      4 |     128 |      1 |       64 |   5.35
      4 |     128 |      1 |      128 |   5.39
      4 |     128 |      2 |        0 |   6.87
      4 |     128 |      2 |       32 |   6.86
      4 |     128 |      2 |       64 |   6.88
      4 |     128 |      2 |      128 |   6.84
      4 |     128 |      4 |        0 |   6.76
      4 |     128 |      4 |       32 |   6.79
      4 |     128 |      4 |       64 |   6.74
      4 |     128 |      4 |      128 |   6.62
      4 |     256 |      1 |        0 |   5.16
      4 |     256 |      1 |       32 |   5.18
      4 |     256 |      1 |       64 |   5.17
      4 |     256 |      1 |      128 |   5.16
      4 |     256 |      2 |        0 |   6.49
      4 |     256 |      2 |       32 |   6.41
      4 |     256 |      2 |       64 |   6.47
      4 |     256 |      2 |      128 |   6.48
      4 |     256 |      4 |        0 |   7.53
      4 |     256 |      4 |       32 |   7.24
      4 |     256 |      4 |       64 |   7.46
      4 |     256 |      4 |      128 |   7.63
      4 |     512 |      1 |        0 |   6.18
      4 |     512 |      1 |       32 |   6.29
      4 |     512 |      1 |       64 |   6.27
      4 |     512 |      1 |      128 |   6.28
      4 |     512 |      2 |        0 |   7.44
      4 |     512 |      2 |       32 |   7.44
      4 |     512 |      2 |       64 |   7.47
      4 |     512 |      2 |      128 |   7.44
      4 |     512 |      4 |        0 |   8.80
      4 |     512 |      4 |       32 |   8.69
      4 |     512 |      4 |       64 |   8.66
      4 |     512 |      4 |      128 |   8.50
      8 |      32 |      1 |        0 |   4.36
      8 |      32 |      1 |       32 |   4.35
      8 |      32 |      1 |       64 |   4.36
      8 |      32 |      1 |      128 |   4.35
      8 |      32 |      2 |        0 |   3.80
      8 |      32 |      2 |       32 |   3.80
      8 |      32 |      2 |       64 |   3.81
      8 |      32 |      2 |      128 |   3.80
      8 |      32 |      4 |        0 |   3.50
      8 |      32 |      4 |       32 |   3.73
      8 |      32 |      4 |       64 |   3.73
      8 |      32 |      4 |      128 |   3.67
      8 |      64 |      1 |        0 |   4.97
      8 |      64 |      1 |       32 |   4.99
      8 |      64 |      1 |       64 |   4.99
      8 |      64 |      1 |      128 |   4.99
      8 |      64 |      2 |        0 |   5.46
      8 |      64 |      2 |       32 |   5.50
      8 |      64 |      2 |       64 |   5.50
      8 |      64 |      2 |      128 |   5.48
      8 |      64 |      4 |        0 |   6.04
      8 |      64 |      4 |       32 |   5.96
      8 |      64 |      4 |       64 |   6.00
      8 |      64 |      4 |      128 |   5.78
      8 |     128 |      1 |        0 |   5.32
      8 |     128 |      1 |       32 |   5.44
      8 |     128 |      1 |       64 |   5.42
      8 |     128 |      1 |      128 |   5.43
      8 |     128 |      2 |        0 |   6.99
      8 |     128 |      2 |       32 |   7.00
      8 |     128 |      2 |       64 |   6.94
      8 |     128 |      2 |      128 |   7.00
      8 |     128 |      4 |        0 |   6.75
      8 |     128 |      4 |       32 |   7.41
      8 |     128 |      4 |       64 |   6.85
      8 |     128 |      4 |      128 |   7.46
      8 |     256 |      1 |        0 |   5.19
      8 |     256 |      1 |       32 |   5.21
      8 |     256 |      1 |       64 |   5.20
      8 |     256 |      1 |      128 |   5.20
      8 |     256 |      2 |        0 |   6.56
      8 |     256 |      2 |       32 |   6.52
      8 |     256 |      2 |       64 |   6.54
      8 |     256 |      2 |      128 |   6.51
      8 |     256 |      4 |        0 |   7.74
      8 |     256 |      4 |       32 |   7.73
      8 |     256 |      4 |       64 |   7.48
      8 |     256 |      4 |      128 |   7.78
      8 |     512 |      1 |        0 |   6.31
      8 |     512 |      1 |       32 |   6.27
      8 |     512 |      1 |       64 |   6.23
      8 |     512 |      1 |      128 |   6.32
      8 |     512 |      2 |        0 |   7.53
      8 |     512 |      2 |       32 |   7.47
      8 |     512 |      2 |       64 |   7.04
      8 |     512 |      2 |      128 |   6.72
      8 |     512 |      4 |        0 |   8.44
      8 |     512 |      4 |       32 |   8.73
      8 |     512 |      4 |       64 |   8.87
      8 |     512 |      4 |      128 |   8.53
     16 |      32 |      1 |        0 |   4.32
     16 |      32 |      1 |       32 |   4.35
     16 |      32 |      1 |       64 |   4.34
     16 |      32 |      1 |      128 |   4.35
     16 |      32 |      2 |        0 |   3.82
     16 |      32 |      2 |       32 |   3.82
     16 |      32 |      2 |       64 |   3.81
     16 |      32 |      2 |      128 |   3.81
     16 |      32 |      4 |        0 |   3.30
     16 |      32 |      4 |       32 |   3.69
     16 |      32 |      4 |       64 |   3.70
     16 |      32 |      4 |      128 |   3.60
     16 |      64 |      1 |        0 |   5.04
     16 |      64 |      1 |       32 |   5.05
     16 |      64 |      1 |       64 |   5.06
     16 |      64 |      1 |      128 |   5.07
     16 |      64 |      2 |        0 |   5.61
     16 |      64 |      2 |       32 |   5.55
     16 |      64 |      2 |       64 |   5.59
     16 |      64 |      2 |      128 |   5.59
     16 |      64 |      4 |        0 |   6.08
     16 |      64 |      4 |       32 |   6.05
     16 |      64 |      4 |       64 |   6.11
     16 |      64 |      4 |      128 |   5.88
     16 |     128 |      1 |        0 |   5.47
     16 |     128 |      1 |       32 |   5.44
     16 |     128 |      1 |       64 |   5.47
     16 |     128 |      1 |      128 |   5.46
     16 |     128 |      2 |        0 |   7.04
     16 |     128 |      2 |       32 |   7.06
     16 |     128 |      2 |       64 |   7.07
     16 |     128 |      2 |      128 |   7.07
     16 |     128 |      4 |        0 |   6.89
     16 |     128 |      4 |       32 |   7.47
     16 |     128 |      4 |       64 |   6.83
     16 |     128 |      4 |      128 |   7.53
     16 |     256 |      1 |        0 |   5.20
     16 |     256 |      1 |       32 |   5.21
     16 |     256 |      1 |       64 |   5.22
     16 |     256 |      1 |      128 |   5.22
     16 |     256 |      2 |        0 |   6.56
     16 |     256 |      2 |       32 |   6.58
     16 |     256 |      2 |       64 |   6.50
     16 |     256 |      2 |      128 |   6.57
     16 |     256 |      4 |        0 |   7.78
     16 |     256 |      4 |       32 |   7.75
     16 |     256 |      4 |       64 |   7.50
     16 |     256 |      4 |      128 |   7.80
     16 |     512 |      1 |        0 |   6.27
     16 |     512 |      1 |       32 |   6.27
     16 |     512 |      1 |       64 |   6.27
     16 |     512 |      1 |      128 |   6.27
     16 |     512 |      2 |        0 |   7.47
     16 |     512 |      2 |       32 |   7.56
     16 |     512 |      2 |       64 |   7.53
     16 |     512 |      2 |      128 |   7.55
     16 |     512 |      4 |        0 |   8.81
     16 |     512 |      4 |       32 |   8.79
     16 |     512 |      4 |       64 |   8.93
     16 |     512 |      4 |      128 |   8.57
     32 |      32 |      1 |        0 |   4.36
     32 |      32 |      1 |       32 |   4.33
     32 |      32 |      1 |       64 |   4.35
     32 |      32 |      1 |      128 |   4.35
     32 |      32 |      2 |        0 |   3.85
     32 |      32 |      2 |       32 |   3.83
     32 |      32 |      2 |       64 |   3.85
     32 |      32 |      2 |      128 |   3.82
     32 |      32 |      4 |        0 |   3.28
     32 |      32 |      4 |       32 |   3.68
     32 |      32 |      4 |       64 |   3.72
     32 |      32 |      4 |      128 |   3.53
     32 |      64 |      1 |        0 |   5.07
     32 |      64 |      1 |       32 |   5.09
     32 |      64 |      1 |       64 |   5.08
     32 |      64 |      1 |      128 |   5.10
     32 |      64 |      2 |        0 |   5.68
     32 |      64 |      2 |       32 |   5.61
     32 |      64 |      2 |       64 |   5.61
     32 |      64 |      2 |      128 |   5.58
     32 |      64 |      4 |        0 |   6.04
     32 |      64 |      4 |       32 |   6.04
     32 |      64 |      4 |       64 |   6.12
     32 |      64 |      4 |      128 |   5.90
     32 |     128 |      1 |        0 |   5.46
     32 |     128 |      1 |       32 |   5.46
     32 |     128 |      1 |       64 |   5.46
     32 |     128 |      1 |      128 |   5.44
     32 |     128 |      2 |        0 |   7.04
     32 |     128 |      2 |       32 |   7.02
     32 |     128 |      2 |       64 |   7.04
     32 |     128 |      2 |      128 |   7.04
     32 |     128 |      4 |        0 |   6.88
     32 |     128 |      4 |       32 |   6.96
     32 |     128 |      4 |       64 |   6.92
     32 |     128 |      4 |      128 |   7.52
     32 |     256 |      1 |        0 |   5.24
     32 |     256 |      1 |       32 |   5.23
     32 |     256 |      1 |       64 |   5.20
     32 |     256 |      1 |      128 |   5.22
     32 |     256 |      2 |        0 |   6.55
     32 |     256 |      2 |       32 |   6.54
     32 |     256 |      2 |       64 |   6.48
     32 |     256 |      2 |      128 |   6.55
     32 |     256 |      4 |        0 |   7.30
     32 |     256 |      4 |       32 |   7.15
     32 |     256 |      4 |       64 |   7.39
     32 |     256 |      4 |      128 |   7.71
     32 |     512 |      1 |        0 |   6.30
     32 |     512 |      1 |       32 |   6.29
     32 |     512 |      1 |       64 |   6.30
     32 |     512 |      1 |      128 |   6.32
     32 |     512 |      2 |        0 |   7.58
     32 |     512 |      2 |       32 |   7.61
     32 |     512 |      2 |       64 |   7.48
     32 |     512 |      2 |      128 |   7.50
     32 |     512 |      4 |        0 |   8.85
     32 |     512 |      4 |       32 |   8.74
     32 |     512 |      4 |       64 |   8.89
     32 |     512 |      4 |      128 |   8.55
     64 |      32 |      1 |        0 |   4.35
     64 |      32 |      1 |       32 |   4.36
     64 |      32 |      1 |       64 |   4.36
     64 |      32 |      1 |      128 |   4.33
     64 |      32 |      2 |        0 |   3.84
     64 |      32 |      2 |       32 |   3.83
     64 |      32 |      2 |       64 |   3.83
     64 |      32 |      2 |      128 |   3.84
     64 |      32 |      4 |        0 |   3.26
     64 |      32 |      4 |       32 |   3.69
     64 |      32 |      4 |       64 |   3.72
     64 |      32 |      4 |      128 |   3.48
     64 |      64 |      1 |        0 |   5.13
     64 |      64 |      1 |       32 |   5.13
     64 |      64 |      1 |       64 |   5.08
     64 |      64 |      1 |      128 |   5.12
     64 |      64 |      2 |        0 |   5.79
     64 |      64 |      2 |       32 |   5.80
     64 |      64 |      2 |       64 |   5.79
     64 |      64 |      2 |      128 |   5.78
     64 |      64 |      4 |        0 |   6.11
     64 |      64 |      4 |       32 |   6.07
     64 |      64 |      4 |       64 |   6.17
     64 |      64 |      4 |      128 |   5.95
     64 |     128 |      1 |        0 |   5.48
     64 |     128 |      1 |       32 |   5.47
     64 |     128 |      1 |       64 |   5.47
     64 |     128 |      1 |      128 |   5.48
     64 |     128 |      2 |        0 |   7.08
     64 |     128 |      2 |       32 |   7.08
     64 |     128 |      2 |       64 |   6.89
     64 |     128 |      2 |      128 |   7.07
     64 |     128 |      4 |        0 |   6.90
     64 |     128 |      4 |       32 |   7.44
     64 |     128 |      4 |       64 |   6.91
     64 |     128 |      4 |      128 |   7.52
     64 |     256 |      1 |        0 |   5.23
     64 |     256 |      1 |       32 |   5.23
     64 |     256 |      1 |       64 |   5.18
     64 |     256 |      1 |      128 |   5.24
     64 |     256 |      2 |        0 |   6.56
     64 |     256 |      2 |       32 |   6.41
     64 |     256 |      2 |       64 |   6.51
     64 |     256 |      2 |      128 |   6.57
     64 |     256 |      4 |        0 |   7.78
     64 |     256 |      4 |       32 |   7.78
     64 |     256 |      4 |       64 |   7.61
     64 |     256 |      4 |      128 |   7.73
     64 |     512 |      1 |        0 |   6.22
     64 |     512 |      1 |       32 |   6.22
     64 |     512 |      1 |       64 |   6.32
     64 |     512 |      1 |      128 |   6.30
     64 |     512 |      2 |        0 |   7.55
     64 |     512 |      2 |       32 |   7.55
     64 |     512 |      2 |       64 |   7.56
     64 |     512 |      2 |      128 |   7.28
     64 |     512 |      4 |        0 |   8.86
     64 |     512 |      4 |       32 |   8.61
     64 |     512 |      4 |       64 |   8.70
     64 |     512 |      4 |      128 |   8.56
    128 |      32 |      1 |        0 |   4.27
    128 |      32 |      1 |       32 |   4.06
    128 |      32 |      1 |       64 |   4.34
    128 |      32 |      1 |      128 |   4.34
    128 |      32 |      2 |        0 |   3.83
    128 |      32 |      2 |       32 |   3.85
    128 |      32 |      2 |       64 |   3.84
    128 |      32 |      2 |      128 |   3.85
    128 |      32 |      4 |        0 |   3.26
    128 |      32 |      4 |       32 |   3.68
    128 |      32 |      4 |       64 |   3.72
    128 |      32 |      4 |      128 |   3.49
    128 |      64 |      1 |        0 |   5.02
    128 |      64 |      1 |       32 |   5.05
    128 |      64 |      1 |       64 |   5.05
    128 |      64 |      1 |      128 |   5.02
    128 |      64 |      2 |        0 |   5.63
    128 |      64 |      2 |       32 |   5.69
    128 |      64 |      2 |       64 |   5.66
    128 |      64 |      2 |      128 |   5.65
    128 |      64 |      4 |        0 |   6.06
    128 |      64 |      4 |       32 |   6.10
    128 |      64 |      4 |       64 |   6.16
    128 |      64 |      4 |      128 |   5.92
    128 |     128 |      1 |        0 |   5.43
    128 |     128 |      1 |       32 |   5.48
    128 |     128 |      1 |       64 |   5.47
    128 |     128 |      1 |      128 |   5.48
    128 |     128 |      2 |        0 |   7.08
    128 |     128 |      2 |       32 |   7.08
    128 |     128 |      2 |       64 |   7.07
    128 |     128 |      2 |      128 |   7.03
    128 |     128 |      4 |        0 |   6.75
    128 |     128 |      4 |       32 |   6.92
    128 |     128 |      4 |       64 |   6.89
    128 |     128 |      4 |      128 |   6.90
    128 |     256 |      1 |        0 |   5.21
    128 |     256 |      1 |       32 |   5.22
    128 |     256 |      1 |       64 |   5.22
    128 |     256 |      1 |      128 |   5.20
    128 |     256 |      2 |        0 |   6.42
    128 |     256 |      2 |       32 |   6.55
    128 |     256 |      2 |       64 |   6.55
    128 |     256 |      2 |      128 |   6.55
    128 |     256 |      4 |        0 |   7.22
    128 |     256 |      4 |       32 |   7.27
    128 |     256 |      4 |       64 |   7.41
    128 |     256 |      4 |      128 |   7.72
    128 |     512 |      1 |        0 |   6.28
    128 |     512 |      1 |       32 |   6.29
    128 |     512 |      1 |       64 |   6.23
    128 |     512 |      1 |      128 |   6.29
    128 |     512 |      2 |        0 |   7.56
    128 |     512 |      2 |       32 |   7.55
    128 |     512 |      2 |       64 |   7.55
    128 |     512 |      2 |      128 |   7.56
    128 |     512 |      4 |        0 |   8.87
    128 |     512 |      4 |       32 |   8.73
    128 |     512 |      4 |       64 |   8.87
    128 |     512 |      4 |      128 |   8.55
----------------------------------------------------------------
OpenBLAS baseline: 6.21 GFLOPS
Best config: ROW=16, COL=512, UNROLL=4, PREFETCH=64 -> 8.93 GFLOPS
Speedup vs OpenBLAS: 1.44x

================================================================
                         SUMMARY
================================================================

BEST CONFIGURATIONS FOR EACH MATRIX SIZE:

64x64 (L1-bound):
  Best params:  ROW_BLOCK=64, COL_BLOCK=256, UNROLL=4, PREFETCH=0
  Performance:  35.03 GFLOPS
  OpenBLAS:     26.97 GFLOPS
  Speedup:      1.30x (FASTER)

256x256 (L2-bound):
  Best params:  ROW_BLOCK=16, COL_BLOCK=256, UNROLL=4, PREFETCH=0
  Performance:  27.29 GFLOPS
  OpenBLAS:     26.69 GFLOPS
  Speedup:      1.02x (FASTER)

1024x1024 (L3-bound):
  Best params:  ROW_BLOCK=8, COL_BLOCK=512, UNROLL=4, PREFETCH=0
  Performance:  20.58 GFLOPS
  OpenBLAS:     56.87 GFLOPS
  Speedup:      0.36x (slower)

4096x4096 (RAM-bound):
  Best params:  ROW_BLOCK=16, COL_BLOCK=512, UNROLL=4, PREFETCH=64
  Performance:  8.93 GFLOPS
  OpenBLAS:     6.21 GFLOPS
  Speedup:      1.44x (FASTER)

================================================================
           RECOMMENDED VALUES FOR gemv_avx_fma_blocked.c
================================================================

// L1 kernel (for matrices fitting in L1 cache)
#define L1_ROW_BLOCK    64
#define L1_COL_BLOCK    256

// L2 kernel (for matrices fitting in L2 cache)
#define L2_ROW_BLOCK    16
#define L2_COL_BLOCK    256

// L3 kernel (for large matrices)
#define L3_ROW_BLOCK    8
#define L3_COL_BLOCK    512

// Prefetch distances
#define PREFETCH_L1_DIST    0
#define PREFETCH_L2_DIST    0

================================================================
